4294967279,104
4294967279,103
4294967279,102
4294967279,101
4294967279,100
4294967279,99
4294967279,98
4294967279,97
4294967279,96
4294967279,95
4294967279,94
4294967279,93
4294967279,92
4294967279,91
4294967279,90
4294967279,89
4294967279,87
4294967279,86
4294967279,85
4294967279,84
4294967279,83
4294967279,82
4294967279,81
4294967279,80
4294967279,79
4294967279,78
4294967279,77
4294967279,76
4294967279,75
4294967278,535
4294967278,294
4294967278,293
4294967278,149
4294967278,292
4294967279,352
4294967278,534
4294967278,39
4294967278,36
4294967278,35
4294967278,34
4294967278,33
4294967278,29
4294967278,23
4294967278,22
4294967278,21
4294967278,20
4294967278,18
4294967278,17
4294967278,16
4294967278,15
4294967278,14
4294967278,13
4294967278,12
4294967278,10
4294967278,9
4294967278,7
4294967278,6
4294967278,5
4294967278,4
4294967279,132
4294967279,131
4294967279,130
4294967279,129
4294967279,128
4294967279,127
4294967279,126
4294967279,125
4294967279,124
4294967279,252
4294967279,123
4294967279,251
4294967279,122
4294967279,121
4294967279,120
4294967279,247
4294967279,119
4294967279,245
4294967279,118
4294967279,243
4294967279,117
4294967279,116
4294967279,115
4294967279,239
4294967279,114
4294967279,113
4294967279,235
4294967279,112
4294967279,233
4294967279,111
4294967279,110
4294967279,109
4294967279,227
4294967279,108
4294967279,107
4294967279,106
4294967279,105
4294967279,26
4294967279,22
4294967279,19
4294967279,18
4294967279,16
4294967279,14
4294967279,12
4294967279,351
4294967278,32
4294967278,290
29,6
4294967279,144
4294967278,533
4294967278,31
4294967279,31
4294967278,30
4294967279,350
4294967279,30
4294967279,29
4294967278,26
4294967278,28
4294967278,140
4294967279,28
4294967278,27
4294967278,289
4294967278,138
29,7
4294967279,139
4294967278,25
4294967278,137
4294967279,23
4294967279,25
4294967279,278
4294967279,137
4294967278,24
4294967279,24
4294967279,277
4294967279,135
4294967278,135
28,6
4294967279,133
4294967279,294
4294967279,20
4294967279,289
4294967278,19
4294967278,273
4294967279,274
4294967279,15
4294967279,273
4294967278,269
4294967279,272
29,5
4294967278,268
29,4
4294967279,271
29,3
29,2
29,1
4294967279,292
4294967278,287
4294967279,270
4294967278,11
4294967278,266
4294967279,269
4294967278,265
28,5
4294967279,286
28,4
4294967278,286
28,3
28,2
28,1
4294967278,283
4294967278,279
4294967279,267
4294967278,264
4294967278,8
4294967279,266
4294967278,263
4294967279,265
27,4
4294967278,285
27,3
27,2
27,1
4294967278,278
4294967279,264
4294967278,261
4294967279,263
4294967279,262
26,4
26,3
26,2
26,1
4294967279,284
4294967294,1423
4294967279,259
4294967278,532
4294967279,258
25,4
4294967278,531
25,3
25,2
25,1
4294967278,530
4294967279,349
4294967294,1418
4294967278,529
4294967279,348
4294967278,528
4294967279,347
4294967279,346
24,4
4294967278,527
24,3
24,2
24,1
4294967278,526
4294967279,345
4294967294,1419
4294967278,525
4294967279,344
4294967278,524
4294967279,343
23,4
4294967278,523
23,3
23,2
23,1
4294967278,522
4294967294,389
4294967278,521
4294967279,342
4294967278,254
4294967279,341
4294967278,520
4294967278,519
4294967278,251
4294967279,340
4294967278,249
4294967279,339
4294967278,247
4294967278,245
4294967278,241
4294967278,240
4294967278,243
4294967278,239
4294967294,409
4294967294,396
4294967294,419
4294967294,178
4294967294,407
4294967294,179
4294967294,386
4294967294,153
4294967294,524
4294967294,411
4294967294,167
4294967294,152
4294967294,398
4294967294,403
4294967294,160
4294967294,189
4294967294,469
4294967294,118
4294967279,338
4294967278,518
4294967279,337
4294967278,236
4294967294,199
4294967294,115
4294967278,233
4294967278,232
4294967278,231
4294967278,228
4294967278,229
4294967278,227
4294967278,224
4294967278,222
4294967278,221
4294967278,218
4294967278,216
4294967278,214
22,4
4294967278,213
22,3
22,2
22,1
4294967278,517
4294967278,212
4294967278,211
21,5
4294967278,210
21,4
21,3
21,2
21,1
4294967279,336
4294967278,209
4294967278,208
4294967278,207
20,4
20,3
20,2
20,1
4294967279,335
4294967278,206
4294967278,205
4294967278,204
19,4
19,3
19,2
19,1
4294967279,334
4294967278,203
4294967294,154
4294967278,202
4294967278,201
18,4
18,3
18,2
18,1
4294967279,333
4294967278,200
4294967294,162
4294967294,170
